0
0
0
0
0
0
0
0
0
0
0
0
0
0
0
0
0
0
0
0
0
0
0
0
0
0
0
0
0
0
0
0
0
0
0
0
0
0
0
0
0
0
0
0
0
0
0
0
0
0
0
0
0
0
0
0
0
0
0
0
0
0
0
0
0
0
4
20
32
32
28
44
50
81
88
104
138
222
227
322
372
579
675
750
920
1081
1433
1586
1816
1948
2284
2598
2843
3094
3295
3631
3609
3969
4343
4387
4773
4812
5070
5186
5198
5246
5022
4926
4871
4801
4541
4456
4397
4261
4198
3934
3843
3609
3385
3095
2869
2697
2519
2467
2230
2204
1934
1836
1719
1490
1347
1332
1132
957
892
744
647
588
511
447
463
359
327
300
219
177
174
167
144
97
93
84
74
109
83
62
72
31
18
17
17
9
2
1
0
0
0
0
0
0
0
0
0
0
0
0
0
0
0
0
