0
0
0
0
0
0
0
0
0
0
0
0
0
0
0
0
0
0
0
0
0
0
0
0
0
0
0
0
0
0
0
0
0
0
0
0
0
0
0
0
0
0
0
0
0
0
0
0
0
0
0
0
0
0
0
0
0
0
0
0
0
0
0
0
0
0
0
0
0
0
0
0
0
0
0
0
0
0
0
0
0
0
0
0
0
0
0
0
0
0
0
0
0
0
0
0
0
0
0
0
0
0
0
0
0
0
0
0
0
0
0
0
0
0
0
0
0
0
0
0
0
0
0
0
0
0
0
0
0
0
0
0
0
0
0
5
2
7
24
25
63
89
134
233
303
432
545
735
960
1152
1427
1838
1973
2289
2703
2915
3136
3376
3635
3891
3950
4172
4246
4056
4105
4001
3971
3863
3770
3482
3477
3156
2959
2916
2593
2338
2322
2073
1832
1710
1564
1380
1266
1194
1129
997
923
809
712
627
553
454
385
388
334
346
287
240
201
224
198
193
164
178
163
121
112
96
93
78
86
75
86
84
72
59
57
52
55
36
42
42
41
35
36
42
28
19
20
