0
0
0
0
0
0
0
0
0
0
0
0
0
0
0
0
0
0
0
0
0
0
0
0
0
0
0
0
0
0
0
0
0
0
0
0
0
0
0
0
0
0
0
0
0
0
0
0
0
0
0
0
0
0
0
0
0
0
1
6
11
16
13
32
32
37
45
78
119
136
171
244
265
367
461
516
607
747
765
843
950
1255
1432
1581
1744
1949
2325
2386
2602
2723
3084
3438
3673
3919
4073
4413
4355
4638
4979
5031
5369
5426
5655
5736
5715
5750
5426
5328
5285
5213
4912
4814
4691
4561
4528
4240
4116
3867
3618
3360
3082
2915
2713
2691
2429
2406
2134
2024
1890
1664
1499
1474
1281
1114
1068
903
776
752
655
593
579
475
444
408
324
308
303
300
291
256
232
225
215
258
240
227
219
191
179
195
188
214
203
161
150
166
154
145
146
182
143
129
104
99
84
87
68
52
22
5
