0
0
0
0
0
0
0
0
0
0
0
0
0
0
0
0
0
0
0
0
0
0
0
0
0
0
0
0
0
0
0
0
0
0
0
0
0
0
0
0
0
0
0
0
0
0
0
0
0
0
0
0
0
0
0
0
0
0
0
0
0
0
0
7
6
3
3
3
2
9
8
4
4
3
4
4
7
7
8
14
25
22
23
19
39
58
61
65
78
107
122
106
113
89
103
133
146
144
148
164
191
228
264
310
322
389
424
475
473
485
532
618
541
512
602
607
626
636
662
670
729
778
761
812
754
807
785
768
820
825
797
780
795
725
709
652
636
579
613
551
592
546
507
465
479
542
494
484
408
384
386
327
332
291
255
283
234
253
213
182
180
182
196
156
143
175
125
125
107
91
82
67
58
53
36
29
27
37
39
10
