0
0
0
0
0
0
0
0
0
0
0
0
0
0
0
0
0
0
0
0
0
0
0
0
0
0
0
0
0
0
0
0
0
0
0
0
0
0
0
0
0
0
0
0
0
0
0
0
0
0
0
0
0
0
0
0
0
0
0
0
0
0
0
0
0
0
0
0
0
0
0
0
0
0
0
1
2
3
7
13
24
14
16
15
29
48
49
54
60
77
82
81
97
68
75
104
123
128
126
148
164
211
256
296
284
353
399
434
442
465
509
594
518
494
576
577
610
631
656
665
723
771
752
807
746
799
778
756
806
804
786
764
785
718
706
648
633
577
608
546
587
540
503
459
472
536
487
476
398
375
380
320
312
276
250
270
229
250
211
180
178
180
191
152
140
169
120
121
101
86
79
63
54
47
33
29
27
34
38
10
