0
0
0
0
0
0
0
0
0
0
0
0
0
0
0
0
0
0
0
0
0
0
0
0
0
0
0
0
0
0
0
0
0
0
0
0
0
0
0
0
0
0
0
0
0
0
0
0
0
0
0
0
0
0
0
0
0
0
0
0
0
0
0
0
5
7
7
4
21
37
47
61
75
89
143
158
273
336
404
460
595
723
850
895
1050
1251
1334
1576
1727
1944
2210
2484
2685
2949
3234
3509
3531
3734
4195
4297
4472
4630
4756
4757
4616
4960
5064
5098
5056
4754
4840
4834
4513
4200
4124
4151
3936
3888
3566
3354
3096
2831
2659
2600
2413
2224
1891
1670
1572
1434
1284
1181
1091
991
876
735
640
583
519
507
494
442
364
313
300
212
215
200
164
118
110
82
59
68
69
94
61
36
40
33
24
30
23
17
20
17
15
14
8
15
6
7
7
3
2
1
1
0
1
1
