0
0
0
0
0
0
0
0
0
0
0
0
0
0
0
0
0
0
0
0
0
0
0
0
0
0
0
0
0
0
0
0
0
0
0
0
0
0
0
0
0
0
0
0
0
0
0
0
0
0
0
0
0
0
0
0
0
0
0
0
0
0
0
0
0
0
0
0
0
0
0
0
0
0
0
0
0
0
0
0
0
0
0
0
0
0
0
0
0
0
0
0
0
0
0
0
0
0
0
0
0
0
0
0
0
0
0
0
0
0
0
0
0
0
0
0
0
0
0
0
0
0
0
0
0
0
0
0
0
0
0
0
0
2
0
4
1
8
19
15
62
79
129
181
251
357
528
644
884
1029
1292
1611
1828
2121
2375
2602
2935
3010
3329
3470
3602
3764
3954
4071
4082
4090
4033
3881
3790
3548
3348
3249
2955
2763
2611
2468
2285
2134
2013
1919
1773
1638
1551
1459
1232
1201
1114
982
896
866
783
703
593
554
466
441
389
368
348
339
285
256
221
182
159
155
154
144
131
109
113
106
91
78
79
57
59
62
57
61
54
52
41
43
47
41
30
46
33
