0
0
0
0
0
0
0
0
0
0
0
0
0
0
0
0
0
0
0
0
0
0
0
0
0
0
0
0
0
0
0
0
0
0
0
0
0
0
0
0
0
0
0
0
0
0
0
0
0
0
0
0
0
0
0
0
0
1
1
8
12
19
16
33
49
44
102
81
91
130
161
202
283
296
407
457
637
659
778
884
1035
1142
1264
1302
1475
1707
1813
2101
2206
2414
2726
2992
3136
3390
3674
3953
3984
4225
4686
4799
4934
5146
5205
5157
4989
5367
5460
5522
5471
5151
5179
5232
4855
4517
4432
4459
4251
4178
3862
3601
3345
3064
2902
2809
2644
2435
2076
1895
1829
1681
1470
1375
1277
1172
1070
904
792
712
656
614
599
566
506
428
428
333
324
289
239
194
211
183
163
169
155
186
166
124
137
129
111
136
100
109
125
114
101
87
65
59
47
64
55
53
36
19
21
24
14
8
