0
0
0
0
0
0
0
0
0
0
0
0
0
0
0
0
0
0
0
0
0
0
0
0
0
0
0
0
0
0
0
0
0
0
0
0
0
0
0
0
0
0
0
0
0
0
0
0
0
0
0
0
0
0
0
0
0
0
0
0
0
0
0
0
0
0
0
0
0
0
1
1
0
1
6
15
19
16
68
72
118
137
129
160
180
221
279
287
296
256
302
315
370
346
394
351
378
337
368
355
349
331
373
398
412
390
398
398
412
499
467
564
587
625
558
585
577
585
581
564
615
646
688
671
717
731
703
666
597
688
686
604
594
569
511
470
465
542
535
483
443
463
434
484
438
368
348
388
353
309
310
309
244
255
196
182
181
203
177
171
136
143
134
123
120
92
106
81
79
76
54
46
58
49
37
42
27
22
11
3
