0
0
0
0
0
0
0
0
0
0
0
0
0
0
0
0
0
0
0
0
0
0
0
0
0
0
0
0
0
0
0
0
0
0
0
0
0
0
0
0
0
0
0
0
0
0
0
0
0
0
0
0
0
0
0
0
0
0
0
0
0
0
0
0
0
0
0
0
0
0
1
1
0
1
6
15
19
16
68
72
113
130
121
147
173
213
267
275
290
244
296
306
357
332
378
334
347
312
343
337
330
302
329
361
379
352
362
365
384
480
437
500
545
594
538
561
542
569
563
556
607
637
678
662
702
722
685
665
596
684
680
604
592
568
509
469
463
541
533
482
441
460
432
482
436
366
342
386
348
306
310
309
244
255
195
181
180
203
176
170
135
142
133
122
119
91
105
81
79
76
54
46
58
49
37
42
27
22
11
3
